10000
10025
10052
10056
10057
10059
10061
10062
10065
10068
10069
10079
10082
10083
10085
10090
10097
10106
10107
10108
10111
10112
10116
10120
10123
10127
10128
10158
10174
10225
10227
10230
10232
10234
10235
10242
10249
10252
10257
10258
10260
10263
10266
10267
10271
10273
10317
10318
10427
10432
10440
10526
10527
10554
10558
10559
10561
10666
10667
10676
10702
10890
10891
10929
10930
10931
10933
10934
10937
10940
10969
10979
10994
11033
11034
11038
11043
11044
11054
11062
11064
11067
11068
11069
11073
11081
11082
11083
11085
11086
11088
11091
11093
11095
11101
11106
11107
11117
11163
11165
11176
11202
11206
11210
11217
11229
11230
11231
11234
11237
11284
11285
11286
11291
11295
11297
11314
11317
11318
11325
11341
11374
11384
11462
11466
11467
11477
11482
11573
11575
11600
11608
11614
11623
11633
11691
11696
11707
11711
11718
11730
11733
11736
11737
11738
11746
11748
11759
11760
11762
11767
11771
11772
11787
11790
11793
11796
11797
11803
11807
11813
11816
11822
11825
11858
11859
11865
11866
11867
11900
11903
11912
11996
12001
12016
12066
12076
12107
12195
12220
12226
12228
12260
12263
12268
12269
12279
12280
12282
12290
12307
12308
12313
12315
12317
12325
12332
12338
12339
12341
12346
12352
12354
12357
12361
12364
12368
12374
12378
12382
12392
12393
12396
12399
12413
12426
12427
12428
12444
12446
12449
12479
12486
12487
12489
12493
12494
12502
12503
12513
12521
12524
12534
12541
12558
12562
12572
12575
12576
12580
12587
12590
12594
12595
12597
12606
12607
12622
12633
12634
12637
12647
12648
12654
12656
12657
12659
12660
12663
12665
12667
12681
12686
12689
12750
12753
12763
12765
12768
12770
12777
12778
12780
12785
12805
12899
12901
12915
12918
12919
12933
12935
12937
12939
12947
12948
12956
12971
12979
12985
13002
13003
13007
13035
13041
13056
13099
13189
13190
13198
13203
13207
13330
13361
13406
13439
13459
13504
13527
13528
13558
13560
13569
13574
13594
13595
13598
13605
13613
13616
13625
13626
13652
13660
13675
13680
13685
13698
13710
13716
13723
13738
13739
13757
13759
13760
13761
13764
13765
13770
13788
13790
13798
13936
13952
13953
13954
13956
13958
13962
13965
13997
14032
14044
14046
14051
14056
14062
14064
14069
14072
14073
14105
14106
14114
14117
14119
14126
14132
14146
14148
14155
14158
14159
14160
14161
14175
14181
14184
14186
14190
14205
14207
14208
14221
14306
14308
14310
14337
14369
14370
14371
14394
14422
14425
14428
14430
14432
14434
14435
14436
14437
14439
14440
14443
14445
14446
14452
14454
14462
14463
14498
14528
14547
14563
14566
14569
14575
14577
14596
14607
14610
14615
14617
14645
14651
14667
14668
14679
14692
14696
14710
14714
14774
14776
14778
14779
14780
14797
14798
14799
14812
14815
14816
14819
14822
14823
14824
14828
14831
14832
14833
14838
14839
14841
14843
14844
14845
14846
14849
14852
14854
14855
14858
14859
14860
14861
14863
14864
14866
14867
14870
14872
14879
14881
14883
14884
14886
14891
14894
14896
14897
14901
14911
14914
14916
14917
14923
14934
14959
14963
15009
15021
15030
15032
15044
15060
15073
15074
15078
15079
15080
15081
15084
15087
15143
15178
15195
15205
15221
15232
15233
15235
15237
15239
15240
15241
15308
15309
15311
15324
15325
15328
15342
15343
15347
15348
15351
15355
15357
15362
15363
15368
15371
15381
15385
15390
15402
15405
15413
15421
15425
15441
15468
15481
15482
15494
15515
15521
15524
15526
15527
15529
15530
15543
15544
15584
15624
15626
15639
15651
15658
15668
15683
15738
15794
15795
15796
15797
15803
15806
15809
15815
15820
15823
15824
15828
15832
15834
15837
15841
15846
15848
15850
15856
15857
15870
15871
15877
15881
15884
15888
15894
15895
15899
15900
15906
15907
15908
15911
15914
15915
15917
15924
15927
15932
15939
15943
15944
15949
15951
15955
15969
16022
16074
16080
16084
16090
16092
16100
16105
16111
16116
16117
16118
16133
16138
16152
16158
16165
16168
16169
16173
16175
16179
16183
16185
16187
16191
16192
16198
16204
16208
16226
16236
16240
16246
16261
16365
16382
16390
16411
16423
16435
16477
16580
16582
16587
16588
16593
16596
16597
16601
16602
16617
16620
16633
16634
16647
16649
16654
16660
16667
16668
16684
16690
16694
16696
16698
16703
16707
16709
16710
16714
16717
16721
16723
16726
16729
16732
16763
16786
16808
16809
16812
16816
16820
16821
16830
16867
16875
16907
16909
16964
16968
17041
17057
17150
17154
17156
17173
17176
17178
17179
17180
17182
17190
17191
17193
17195
17201
17202
17205
17206
17210
17215
17218
17221
17222
17225
17226
17227
17233
17234
17238
17240
17242
17244
17250
17258
17266
17272
17273
17277
17278
17280
17282
17283
17285
17289
17293
17296
17302
17307
17308
17311
17325
17326
17329
17469
17499
17501
17505
17506
17512
17534
17678
17732
17826
17900
17905
17909
17912
17913
17918
17924
17929
17930
17946
17949
17951
17952
17953
17955
17963
17968
18005
18007
18040
18043
18047
18048
18053
18054
18056
18060
18155
18160
18186
18253
18259
18260
18328
18329
18331
18362
18363
18377
18385
18387
18390
18392
18396
18397
18398
18400
18403
18408
18409
18438
18448
18449
18457
18459
18474
18475
18479
18480
18482
18484
18486
18490
18491
18492
18504
18505
18508
18511
18521
18684
18708
18712
18713
18757
18758
18776
18790
18792
18858
18866
18870
18871
18882
18888
18890
18892
18895
18899
18902
18903
18907
18909
18910
18911
18912
18914
18917
18918
18919
18921
18924
18925
19009
19022
19027
19030
19031
19038
19043
19044
19045
19098
19099
19105
19110
19113
19115
19117
19136
19146
19147
19150
19156
19163
19168
19169
19178
19181
19213
19214
19225
19283
19330
19336
19342
19345
19353
19483
19517
19549
19550
19653
19662
19669
19680
19685
19689
19698
19699
19775
19779
19781
19802
19804
19815
19843
19846
19848
19849
19866
19877
19908
19910
19911
19914
19919
19922
19924
19926
19928
19931
19932
19934
19937
19939
19942
19950
19951
19955
19956
19957
19963
19964
19966
19967
19970
19973
19975
19982
19983
19984
19985
19991
19993
19996
19998
20000
20002
20008
20010
20013
20019
20020
20021
20024
20026
20027
20032
20033
20036
20037
20046
20047
20051
20055
20056
20057
20058
20062
20063
20068
20069
20077
20085
20089
20090
20092
20093
20094
20095
20100
20101
20102
20105
20113
20158
20167
20171
20172
20186
20216
20217
20219
20225
20253
20281
20312
20371
20390
20395
20397
20423
20424
20428
20469
20470
20483
20534
20599
20603
20604
20629
20630
20632
20633
20634
20681
20682
20683
20684
20692
20696
20697
20699
20700
20702
20703
20704
20705
20707
20723
20726
20728
20730
20731
20732
20734
20739
20772
20802
20819
20828
20829
20832
20891
20893
20894
20895
20897
20977
20978
20979
20983
20998
21026
21028
21037
21049
21053
21054
21091
21099
21101
21102
21103
21105
21106
21108
21109
21110
21115
21117
21120
21125
21127
21130
21133
21134
21136
21137
21138
21139
21142
21143
21144
21145
21147
21148
21151
21152
21155
21161
21162
21169
21232
21233
21234
21268
21330
21334
21358
21380
21392
21402
21632
21675
21698
21702
21708
21712
21713
21714
21750
21760
21761
21763
21772
21774
21778
30266
30295
30371
30412
30413
30451
30475
30524
30562
30700
30717
30719
30766
30772
30873
31145
40269
40392
40854
40985
41002
41004
41367
41489
41512
41521
41929
42028
42085
42445
42851
43184
43195
43199
43360
43371
43396
43397
43563
43713
43740
43765
43989
44017
44084
44085
44101
44368
44389
44683
44721
44814
45107
45200
45206
45213
45233
45431
45694
45698
46177
46180
46228
46884
47027
47034
47261
47386
47597
47602
47670
47767
48009
48463
48500
48701
48750
60665
60709
60711
60712
60713
60718
60720
60768
60778
60779
60795
60797
60801
60819
60821
60840
60852
60864
60902
60908
60939
60956
60994
61013
61079
61093
61097
61100
61106
61109
61124
61126
61140
61155
61168
61185
61200
61207
61209
61211
61212
61228
61234
61235
61236
61239
61245
61255
61256
61259
61261
61279
61305
61329
61331
61349
61351
61412
61483
61610
61612
61648
61650
63366
63367
63478
63479
63480
63482
63485
63496
63504
63524
63533
63543
63564
63570
63574
63575
63589
63598
63601
63618
63627
63633
63636
63639
63641
63654
63659
63675
63689
63690
63722
63725
63728
63729
63734
63736
63737
63806
63830
63836
63869
63906
63934
63982
63983
64062
64311
64381
64423
64515
64530
64651
64932
64979
65010
65022
65047
65083
65085
65138
65211
65712
65745
65746
65783
65785
65830
65891
65994
66580
66603
66605
66626
67237
67260
67261
67274
67297
67347
67356
67374
67397
67407
67408
67422
67424
67427
67431
67442
67461
67472
67474
67477
67478
67481
67482
67483
67487
67488
67489
67495
67507
67510
67511
67534
67628
67635
67667
67669
67672
67678
67679
67681
67753
67758
9999